9.345947 100
10.343018 200
10.745117 300
11.081055 400
11.458008 500
12.020996 600
12.162842 700
12.312988 800
13.058838 900
13.210938 1000
13.557861 1100
13.905029 1200
14.272949 1300
14.756836 1400
15.122803 1500
15.263916 1600
15.679932 1700
16.118896 1800
16.617920 1900
17.183105 2000
17.617920 2100
18.108887 2200
18.619141 2300
19.119873 2400
19.454102 2500
19.968018 2600
20.240967 2700
20.328125 2800
20.596924 2900
21.066895 3000
21.390869 3100
21.513916 3200
21.813965 3300
22.270020 3400
22.552002 3500
22.670898 3600
22.986816 3700
23.504883 3800
23.617920 3900
24.005859 4000
24.384033 4100
24.738037 4200
25.287842 4300
25.436768 4400
25.801758 4500
26.215088 4600
26.659912 4700
27.554932 4800
27.703857 4900
27.836914 5000
28.658936 5100
28.806885 5200
28.955078 5300
29.850098 5400
30.001953 5500
30.139893 5600
30.964844 5700
31.117920 5800
31.262939 5900
32.100830 6000
32.533936 6100
32.686035 6200
33.050049 6300
33.642090 6400
33.787842 6500
34.216797 6600
34.682129 6700
35.157959 6800
35.659912 6900
36.127930 7000
36.479004 7100
36.916992 7200
37.345947 7300
37.710938 7400
38.267822 7500
38.741943 7600
38.900879 7700
39.278076 7800
39.844971 7900
40.240967 8000
40.390869 8100
40.745850 8200
41.312988 8300
41.715820 8400
41.802979 8500
42.203857 8600
42.608887 8700
43.233887 8800
43.381836 8900
43.740967 9000
44.144775 9100
44.601807 9200
45.004883 9300
45.642822 9400
45.794922 9500
46.329834 9600
46.989014 9700
47.467041 9800
47.913086 9900
48.244873 10000
