2.218018 100
3.803955 200
4.624268 300
5.471924 400
6.408936 500
7.276123 600
8.119141 700
8.909912 800
9.852051 900
10.662109 1000
11.611084 1100
12.680176 1200
13.778076 1300
14.805176 1400
15.843018 1500
17.771973 1500
18.695068 1500
19.762939 1500
20.755127 1500
21.739990 2000
23.689941 2100
24.802979 2200
25.864258 2300
26.779053 2400
27.530029 2500
28.348877 2600
29.159180 2700
30.007080 2800
30.826172 2900
31.645020 3000
32.418945 3100
33.241943 3200
34.370850 3300
35.247070 3400
36.083984 3500
37.002197 3600
38.064941 3700
39.310059 3800
40.328125 3900
41.412109 4000
42.481934 4100
43.541992 4200
44.528076 4300
45.453125 4400
46.304932 4500
47.166992 4600
47.990967 4700
48.821045 4800
49.652100 4900
50.487061 5000
51.265137 5100
52.078125 5200
52.954834 5300
53.791992 5400
55.459961 5500
56.555176 5600
57.645996 5700
58.691895 5800
59.735107 5900
60.786133 6000
61.882080 6100
62.797119 6200
63.637939 6300
64.441895 6400
65.334961 6500
71.712891 6600
73.688965 6700
74.774902 6800
75.801270 6900
76.843018 7000
77.901123 7100
78.753906 7200
79.534912 7300
80.495117 7400
81.556152 7500
82.786133 7600
83.780029 7700
84.853027 7800
85.952148 7900
87.033936 8000
88.064941 8100
89.110107 8200
94.250977 8300
95.906006 8400
97.712158 8500
97.871094 8600
99.609131 8700
100.731201 8800
101.771973 8900
102.842041 9000
103.928223 9100
105.655029 9200
105.840820 9300
107.680176 9400
108.699219 9500
109.737061 9600
110.837891 9700
111.903809 9800
113.002930 9900
113.312012 10000
