2.278076 100
17324.112061 200
17325.254150 200
34651.291992 400
34652.562012 500
34653.290039 600
34654.122070 700
34654.820068 800
34655.518066 900
34656.320068 1000
34657.049072 1100
34657.845947 1200
34658.737061 1300
34659.538086 1400
34660.263916 1500
34660.989990 1600
34661.726074 1700
34662.446045 1800
34663.179199 1900
34663.859131 2000
34664.544922 2100
34665.281982 2200
34666.058105 2300
34666.840088 2400
34667.659912 2500
34668.481934 2600
34669.387939 2700
34670.311035 2800
34671.164062 2900
34672.050049 3000
34673.564209 3100
34673.679932 3200
34675.429932 3300
34676.271240 3400
34677.350098 3500
34678.218018 3600
34679.020996 3700
34679.906982 3800
34680.719238 3900
34681.571045 4000
34682.476074 4100
34683.358154 4200
34684.289062 4300
34685.327148 4400
34686.259033 4500
34687.128906 4600
34688.001221 4700
34689.112061 4800
34690.185059 4900
34691.225098 5000
34692.229980 5100
34693.222900 5200
34694.248291 5300
34695.269043 5400
34697.704102 5500
34698.772217 5600
34699.608154 5700
34700.514893 5800
34701.368164 5900
34702.336914 6000
34703.286133 6100
34704.271973 6200
34705.315186 6300
34706.335938 6400
34707.364014 6500
34708.556152 6600
34709.436279 6700
34710.300049 6800
34711.129150 6900
34712.031006 7000
34712.859131 7100
34713.738037 7200
34714.594971 7300
34715.384033 7400
34716.249023 7500
34717.096924 7600
34724.410156 7700
34728.791016 7800
34729.771240 7900
34730.682129 8000
34731.571289 8100
34732.463135 8200
34733.373047 8300
34734.394043 8400
34735.302002 8500
34736.113037 8600
34737.151123 8700
34738.047119 8800
34738.977295 8900
34739.991211 9000
34741.060059 9100
34742.135986 9200
34743.287109 9300
34744.347168 9400
34745.325928 9500
34746.420166 9600
34747.444092 9700
34748.484131 9800
34749.607910 9900
34749.898193 10000
