0.002930 100
2.284912 200
3.795166 300
4.645020 400
5.551025 500
6.479980 600
7.315918 700
8.322021 800
9.212891 900
10.110107 1000
12.544189 1010
13.728027 1019
14.779053 1028
15.767090 1037
16.883057 1046
17.906982 1055
18.906982 1064
20.101074 1073
21.178955 1082
22.314941 1091
23.327881 1100
24.440918 1109
25.822998 1118
27.101807 1126
28.212891 1134
29.378174 1142
30.461914 1150
31.594971 1158
38.110840 1166
38.250000 1174
40.218018 1182
41.074951 1190
41.867920 1198
42.716797 1206
43.560059 1214
44.569824 1222
45.631104 1230
46.662109 1238
47.660889 1246
48.798096 1254
49.836182 1261
50.735840 1268
51.679932 1275
52.546875 1282
53.429932 1289
54.406006 1296
55.392822 1303
56.426025 1310
57.394775 1317
58.244873 1324
59.061035 1331
59.882080 1338
60.796875 1345
61.614014 1352
62.391846 1359
63.233154 1366
64.000000 1373
65.690918 1380
66.720947 1387
67.744873 1394
68.725098 1401
69.786865 1408
70.781738 1415
71.665039 1422
72.473877 1429
73.386963 1435
74.224854 1441
75.214111 1447
76.318848 1453
77.239990 1459
78.283936 1465
79.130127 1471
80.145020 1477
81.098877 1483
81.999023 1489
83.187988 1495
84.162842 1501
85.144043 1507
86.114014 1513
87.298096 1519
88.241943 1525
89.177002 1531
90.074951 1537
91.021973 1543
91.948975 1549
92.825195 1555
93.795898 1561
94.751953 1567
95.843018 1573
96.829102 1579
97.781982 1585
98.852051 1591
99.876953 1597
101.126953 1603
102.174072 1609
103.114014 1615
104.156982 1621
105.226074 1627
106.171143 1633
107.135986 1639
107.464844 1645
