0.001953 100
2.226074 200
19.934082 100
54.669922 100
123.191895 100
259.446045 100
531.239014 100
1074.010010 100
2158.989014 100
4328.023926 100
8665.381104 100
17339.343994 100
17340.642090 200
17361.114014 100
17362.388916 200
17363.731934 250
17364.500000 290
17365.240967 324
17366.012939 354
17366.766113 382
17367.499023 408
17368.209961 432
17368.957031 455
17369.656982 476
17370.416016 497
17371.125977 517
17371.893066 536
17372.661865 554
17373.373779 572
17374.102051 589
17374.837158 605
17375.598145 621
17376.335938 637
17377.087891 652
17377.838867 667
17378.616943 681
17379.476807 695
17380.271973 709
17381.072998 723
17381.890869 736
17382.741943 749
17383.562988 762
17384.406982 775
17385.244141 787
17386.105957 799
17386.929932 811
17387.715088 823
17388.703857 835
17389.730225 846
17390.808105 857
17391.878906 868
17393.000977 879
17394.103027 890
17395.162109 901
17396.248047 912
17397.287109 922
17398.332031 932
17399.538818 942
17400.597900 952
17401.693115 962
17402.739014 972
17409.454102 982
17410.515869 992
17411.572021 1002
17412.655029 1011
17413.753906 1020
17417.658936 1029
17419.417969 1038
17420.193115 1047
17421.023926 1056
17422.007812 1065
17422.936035 1074
17423.750000 1083
17424.604980 1092
17425.478027 1101
17426.317139 1110
17427.190918 1119
17427.968018 1127
17428.803955 1135
17429.895020 1143
17430.937012 1151
17431.996094 1159
17433.090088 1167
17434.133789 1175
17435.147949 1183
17436.173096 1191
17437.095947 1199
17438.007080 1207
17439.092041 1215
17440.174072 1223
17441.285889 1231
17442.322998 1239
17443.373047 1247
17444.379883 1255
17445.353027 1262
17446.204102 1269
17447.070068 1276
17447.990967 1283
17448.864014 1290
17449.751953 1297
17450.560059 1304
17451.376953 1311
17452.220215 1318
17453.041016 1325
17454.004883 1332
17454.873047 1339
17455.750000 1346
17456.583008 1353
17457.452881 1360
17458.305908 1367
17458.659912 1374
