0.003174 100
2.185059 200
4.576172 300
7.149170 400
7.266846 500
9.872070 600
10.876221 700
12.572998 800
13.505127 900
14.381104 1000
15.395996 1010
16.319092 1019
17.230957 1028
18.171875 1037
19.020020 1046
20.021240 1055
25.514160 827
26.488037 927
27.418213 527
29.110107 545
29.947998 563
30.816895 580
31.695068 597
32.517090 613
33.407227 629
34.396973 644
35.370117 659
36.291992 674
37.289062 688
38.219238 702
39.080078 716
40.327148 729
40.485107 742
42.666260 755
44.078125 768
45.071045 781
45.944092 793
46.789062 805
47.673096 817
48.492188 829
49.513916 841
50.430908 852
51.216064 863
52.094238 874
53.176025 885
54.136963 896
55.200928 907
56.138916 918
56.969238 928
57.849121 938
58.662109 948
59.476074 958
60.399902 968
61.293213 978
62.168945 988
63.036133 998
63.985107 1008
65.039062 1017
66.105957 1026
66.987061 1035
67.886963 1044
68.798096 1053
69.754150 1062
70.603027 1071
71.529053 1080
72.416016 1089
73.268066 1098
74.200195 1107
75.188232 1116
76.239014 1124
77.241211 1132
78.173096 1140
79.049072 1148
79.934082 1156
80.836914 1164
81.651123 1172
82.431152 1180
83.155029 1188
83.958008 1196
84.864990 1204
85.685059 1212
86.501953 1220
87.355957 1228
88.168945 1236
89.010010 1244
89.949219 1252
91.010010 1259
92.051025 1266
93.083008 1273
94.049072 1280
95.093018 1287
96.126953 1294
97.068115 1301
97.906982 1308
98.724121 1315
99.622070 1322
100.691162 1329
101.789062 1336
102.091064 1343
